0.7182396796577157;0.10639457758731696;0.5592233216300371;0.947907724079937;0.29669009713619865;0.6228950089624925;0.008154756200785762;0.5811843099156017;0.28036534339248975;0.1348556484968118
0.8541577589130277;0.43936648656505045;0.8408527402451706;0.20799841030754335;0.6013030867947691;0.3607652411288381;0.23851705039347956;0.38044359564220837;0.20926668162199355;0.6384814396599219
0.9143994341116418;0.15031002478451344;0.574698743211739;0.5519382244607104;0.12110935969555889;0.7723641367436221;0.9206408063485835;0.7267608319616008;0.6693584136108256;0.33272532956262313
0.3399129816437386;0.664603345555765;0.8776432452126703;0.9119281021809005;0.8545910259189716;0.9124731286812844;0.48460184694467034;0.2385438094107025;0.9907195676131504;0.20152466503634264
0.5626178597624646;0.24773949772552814;0.08560152998163346;0.027253793070483655;0.03604705333119762;0.038373182199561914;0.3759326037459252;0.05941345500482544;0.7829646375271919;0.9598979885139036
0.30026603884133257;0.571537185287744;0.22657855803387164;0.8281285427248376;0.17655540197278846;0.4099861115294514;0.2740949310400634;0.13695032030315396;0.8252834128318309;0.7797489474706347
0.5329579867953479;0.2655594090319043;0.2581409798221374;0.338340331793276;0.9766830494002283;0.221234347108172;0.07119619226655276;0.7541667412357653;0.9298661701004803;0.826098468546752
0.990906707614706;0.9833172749051184;0.4658698033581753;0.7976080757585734;0.41247440118788303;0.07479251091195964;0.3545319743185065;0.06395212400789481;0.04546022273542975;0.6227967522493453
0.19564615578574593;0.7123191833024384;0.7019323176916399;0.09301250632469352;0.9370937414338588;0.4647661835634745;0.9675299512167304;0.8492050706037289;0.6167449010309153;0.7474116166048157
0.0990382671507974;0.7915323623224774;0.3147645836520381;0.6729370999671812;0.5286585755951738;0.16103532796668008;0.7795579819146392;0.4623592406293546;0.45265057907293726;0.4870718326819354
0.6778924352439633;0.0021267105904099635;0.6625125609574872;0.6042815091407049;0.7771441177898449;0.6392388018506452;0.5864560035281445;0.29072166579637776;0.07762297831426261;0.029760799377840284
0.8092981930366869;0.373264736411386;0.9852098081647519;0.47089221530536535;0.2278540480475361;0.8406700800850663;0.8630226690547917;0.33377411465924645;0.13648571139258675;0.891194736081321
0.4365593076244568;0.4362468998137194;0.05722351877353456;0.2926826065051983;0.33465249741667963;0.5501696320966896;0.6295491342509301;0.5530668540366285;0.5139705405816903;0.2565830260961107
0.4646081185588102;0.511871033296887;0.7943548021067907;0.15258750455904152;0.6636296211320384;0.7428092918894013;0.7215599101349288;0.9230785383338193;0.39669646624694765;0.38836868693832083
0.058528207233383436;0.8799464906284612;0.17540023561427526;0.38265137826945655;0.4455595624993455;0.28676258762863194;0.5467154531473349;0.6524253891364928;0.7190509195466526;0.11593530593158503
0.16715615774833972;0.8251402606289497;0.38063652154965094;0.7236519098165622;0.7419622423026074;0.9436586936312203;0.1790052068110179;0.9692474165536586;0.36694477603774556;0.5621351073852194
