0.62938961370124;0.8366899090295629
0.5453468357414095;0.235614499440354
0.8467433861788303;0.6505337372233867
0.06590290882601604;0.9591983840398426
0.029564952678011024;0.04483999522832658
0.8057143211162273;0.326762187924009
0.397817308611777;0.7147196341901658
0.15161845841892846;0.608461584352247
0.32291224604938285;0.2583787053634844
0.5689351594237362;0.9004618698924093
0.9438809080780063;0.16234171518438245
0.716834153257952;0.42603942648652743
0.4597519496430379;0.5001046726415842
0.24715223116026935;0.4519074006401641
0.31233748128836575;0.08699705397119369
0.9302561247448475;0.7864310300569125
