0.03125;0.5;0.6666666666666666;0.8
0.09375;0.25;0.3333333333333333;0.6
0.15625;0.75;0.22222222222222224;0.4
0.21875;0.125;0.888888888888889;0.2
0.28125;0.625;0.5555555555555556;0.16
0.34375;0.375;0.11111111111111112;0.9600000000000002
0.40625;0.875;0.7777777777777777;0.76
0.46875;0.0625;0.4444444444444445;0.56
0.53125;0.5625;0.07407407407407404;0.36
0.59375;0.3125;0.7407407407407407;0.12000000000000002
0.65625;0.8125;0.40740740740740733;0.9200000000000002
0.71875;0.1875;0.2962962962962963;0.72
0.78125;0.6875;0.962962962962963;0.52
0.84375;0.4375;0.6296296296296297;0.32
0.90625;0.9375;0.18518518518518517;0.07999999999999999
0.96875;0.03125;0.8518518518518517;0.8800000000000001
