0.03125;0.5;0.6666666666666666;0.8;0.7142857142857143
0.09375;0.25;0.3333333333333333;0.2;0.5714285714285714
0.15625;0.75;0.22222222222222224;0.4;0.8571428571428571
0.21875;0.125;0.888888888888889;0.6;0.2857142857142857
0.28125;0.625;0.5555555555555556;0.16;0.14285714285714285
0.34375;0.375;0.11111111111111112;0.9600000000000002;0.42857142857142855
0.40625;0.875;0.7777777777777777;0.36;0.10204081632653059
0.46875;0.0625;0.4444444444444445;0.56;0.8163265306122449
0.53125;0.5625;0.07407407407407404;0.76;0.673469387755102
0.59375;0.3125;0.7407407407407407;0.040000000000000036;0.9591836734693878
0.65625;0.8125;0.40740740740740733;0.8400000000000001;0.3877551020408163
0.71875;0.1875;0.2962962962962963;0.24000000000000005;0.24489795918367346
0.78125;0.6875;0.962962962962963;0.44000000000000006;0.5306122448979591
0.84375;0.4375;0.6296296296296297;0.64;0.0816326530612245
0.90625;0.9375;0.18518518518518517;0.07999999999999999;0.7959183673469388
0.96875;0.03125;0.8518518518518517;0.8800000000000001;0.6530612244897959
