0.3719611183756543;0.353907593872832;0.5596267124737994;0.5189996775690581;0.4072380872507645;0.4768915793197703
0.9227417504249876;0.9659297467728433;0.010876380746912773;0.30800073630997393;0.56962639371599;0.004958193947564205
0.58067594909129;0.17602075664300482;0.8731878286655673;0.5770499743666184;0.9158208398906578;0.4097017052076445
0.17064270063083625;0.038463041533956764;0.2465537356439996;0.6632261536697099;0.2796503754502755;0.1301504357474493
0.7731707477851592;0.5464572636237911;0.3082995666680651;0.34110898207846724;0.6747905387698564;0.9541229985317559
0.30561813549253103;0.6714441410182327;0.49441828767077006;0.9367817234662212;0.8222580064341422;0.8603177877308138
0.6837108765061638;0.8911042078816764;0.9234572431339959;0.23604938198469103;0.07279971365952428;0.6409778041540058
0.23018304481628907;0.7130427394666888;0.5965533857282153;0.9751951088318898;0.9601381529749371;0.7442427043148916
0.7033523422281114;0.7886015455545187;0.7861594583019215;0.07165689086865426;0.7179538105428201;0.30060447163222753
0.4063020366768774;0.0743606780915222;0.17797979329533636;0.8082733211793226;0.04804621197186458;0.35931830762675326
0.1164787800111089;0.42873294044732563;0.6559046092459883;0.7307430730125507;0.44611512866650155;0.07889001537573606
0.5440329452792929;0.8228229237670488;0.418930837861493;0.43894453105354925;0.1376096369636203;0.880456594212456
0.058567973030553055;0.47130576517704703;0.7293951348427636;0.4086183791938064;0.200970029955935;0.5166906254046791
0.48513041221398556;0.20461015208818897;0.37441187558349903;0.16834079664826995;0.7567391194556178;0.7691221088760937
0.8668501340877997;0.5722233157455496;0.9997884199543277;0.04367966270811045;0.35355981125112196;0.20708775502979487
0.9753563728063245;0.2584311645963811;0.07097007627333625;0.820397937920113;0.5155635908774197;0.5851714457418505
