0.05814137126738288;0.6566059285012448;0.029524602409388832;0.22877405030538106;0.5495569253828306;0.10103310544468025;0.25009588840444824
0.8978609960070483;0.33595103890049854;0.22005755132136667;0.33867992502945377;0.0777989662451107;0.4108060460476236;0.14667439798345897
0.8234245589946898;0.11205652332743546;0.6268609467041991;0.7982293928326837;0.6984412498083308;0.7478208854972122;0.6871743488231066
0.8023907511101125;0.9143887805386501;0.8684000607391551;0.4302533896287497;0.4632084860970588;0.3353246421723026;0.7904742718409377
0.2982703653414964;0.5217760711895069;0.30272116712873315;0.8937358738958977;0.13604439587009423;0.7920796779168849;0.8630068668606089
0.1387080555111649;0.05181823486456798;0.46494842109389556;0.17105917620054187;0.758003046370816;0.14479274124279223;0.22930561659430432
0.3507664765986113;0.7169674774313287;0.11222508261616015;0.7322785564063443;0.20699200890720992;0.49935919195144934;0.5102765625433415
0.495128955235767;0.18951120269480975;0.4230185074729138;0.8646262015586135;0.9744649837268383;0.29165592338019797;0.4341947356260737
0.07149802629783668;0.9412852692249853;0.14836061299227227;0.2748921724209742;0.4119515357378562;0.891394979405651;0.11980134714686956
0.9560701597461417;0.8379653190869719;0.9043134093692193;0.045830472571383216;0.6358460262895941;0.6070678335570853;0.726356618607008
0.23928388265137857;0.2681493995788713;0.34565604746223194;0.9665748322472882;0.898682056079106;0.5557983882097323;0.9895175968774232
0.38066714094199405;0.4455911480767735;0.5671610960021971;0.46709578496051585;0.30336261554176824;0.03480775561743297;0.3424358112904037
0.7462381189307808;0.17994539599832704;0.5227271211822623;0.5143197494603244;0.836836147672124;0.8140772996989885;0.45520299787976126
0.6084124754116487;0.39033599655848417;0.7676280530703061;0.10266385732861658;0.6014760502219986;0.9921929210786953;0.039589977935792754
0.5535396390524018;0.7929326331404829;0.7340954026946115;0.5817143372273084;0.055429052758675115;0.6630057993485233;0.8948475902982848
0.682811425806022;0.5833952964592785;0.9917622616900031;0.6386076314235866;0.3533466179338766;0.18776862510542291;0.5846857207264853
