0.03125;0.5;0.6666666666666666;0.8;0.8571428571428571;0.2727272727272727;0.8461538461538461;0.4117647058823529
0.09375;0.25;0.3333333333333333;0.4;0.42857142857142855;0.36363636363636365;0.15384615384615383;0.7058823529411765
0.15625;0.75;0.22222222222222224;0.6;0.7142857142857143;0.909090909090909;0.6923076923076923;0.6470588235294118
0.21875;0.125;0.888888888888889;0.2;0.14285714285714285;0.6363636363636364;0.9230769230769231;0.5294117647058824
0.28125;0.625;0.5555555555555556;0.16;0.2857142857142857;0.5454545454545454;0.23076923076923078;0.9411764705882353
0.34375;0.375;0.11111111111111112;0.9600000000000002;0.5714285714285714;0.18181818181818182;0.38461538461538464;0.29411764705882354
0.40625;0.875;0.7777777777777777;0.56;0.12244897959183673;0.09090909090909091;0.3076923076923077;0.1764705882352941
0.46875;0.0625;0.4444444444444445;0.76;0.9795918367346939;0.8181818181818181;0.46153846153846156;0.7647058823529411
0.53125;0.5625;0.07407407407407404;0.36;0.5510204081632653;0.7272727272727273;0.6153846153846154;0.8235294117647058
0.59375;0.3125;0.7407407407407407;0.07999999999999999;0.8367346938775511;0.4545454545454545;0.5384615384615384;0.05882352941176468
0.65625;0.8125;0.40740740740740733;0.8800000000000001;0.26530612244897955;0.02479338842975203;0.7692307692307693;0.11764705882352944
0.71875;0.1875;0.2962962962962963;0.4800000000000001;0.40816326530612246;0.2975206611570248;0.07692307692307691;0.5882352941176471
0.78125;0.6875;0.962962962962963;0.6799999999999999;0.6938775510204082;0.38842975206611574;0.06508875739644973;0.47058823529411764
0.84375;0.4375;0.6296296296296297;0.28;0.061224489795918394;0.9338842975206612;0.9112426035502958;0.35294117647058826
0.90625;0.9375;0.18518518518518517;0.12000000000000002;0.9183673469387754;0.6611570247933884;0.21893491124260356;0.8823529411764707
0.96875;0.03125;0.8518518518518517;0.9200000000000002;0.4897959183673469;0.5702479338842975;0.757396449704142;0.23529411764705882
