0.9097765002892737;0.9991993096102816;0.5812609627940555;0.31623891225270667;0.8714901522287215;0.7525008051335287;0.1847264236494525;0.17532470593438743;0.47868602376660424
0.8310086240688621;0.32228199225480914;0.7302202010357551;0.8901155199038243;0.25898131989978984;0.8616830596281961;0.028017934611661577;0.6475775548274633;0.05571504737571864
0.10599091298044301;0.4721591245290182;0.9079351834944054;0.1600760345062242;0.15527198804497672;0.17087677623172964;0.5003874517606152;0.381683807739437;0.2671678615516346
0.2517758703968641;0.5214582248380981;0.22869920375597705;0.45037370190024795;0.5493250301968375;0.6464292868162144;0.7257652551433972;0.8919044705033489;0.9360150480185073
0.48261725169599823;0.8196063333280994;0.08772892251023726;0.4062871215924407;0.3445639254667263;0.28546086908692836;0.9135921969386785;0.45621519234436325;0.7145442516605167
0.9730271190362757;0.5877720242196998;0.9473273754585321;0.8479858197104271;0.4500270353184382;0.09011634139832374;0.635766028038686;0.5372522757212607;0.8714244381782155
0.7613585131307912;0.18924303075853982;0.752758557737601;0.9452131234275527;0.8762403374633003;0.03332960157847013;0.2823916502193611;0.042286212431111816;0.6625588923850972
0.32076333245185845;0.28257309186235613;0.3924618335643378;0.18905816960127178;0.6775442612558072;0.5771383421749743;0.849662904404376;0.22841244151954437;0.7725455103622451
0.6232870146878144;0.7536889202212176;0.1414606631093644;0.6633532304790651;0.9917182874398467;0.44999369829140184;0.18838165401668094;0.31677665268504174;0.9937389069725737
0.1759401731882233;0.06675429829718346;0.46384353917817267;0.2710728038515899;0.09207636035392212;0.42897957418025034;0.5717660965751576;0.68756628455125;0.16603706629132606
0.21537591759165126;0.6845530388113117;0.6707737681163186;0.7658133792119349;0.7919146447491351;0.5343523419085148;0.4793983388491453;0.07435404660178344;0.37057067002876787
0.7000858796442636;0.047443288291331154;0.028671595813003492;0.008354979168324039;0.5956448694002441;0.7101919244354781;0.9971734888615155;0.5768107378015831;0.5390765882981116
0.422217183511323;0.37515557679946293;0.539831050742499;0.10610811707043699;0.42002058457983493;0.35232794414104657;0.1195789871136153;0.29731639554091244;0.0666951513964614
0.014444216854761206;0.1557718755446924;0.34253449645731626;0.5279133485351033;0.023243598159271794;0.9919690002027914;0.772627426004096;0.9400508651232723;0.6240651758362142
0.5169709806588378;0.9372861806437607;0.839220010342155;0.5627159289547268;0.2264038771868388;0.20601649870637254;0.40399260732787373;0.833762458952209;0.23004935340707872
0.6704540305233779;0.7071619913909708;0.2944026745067825;0.7192627483462735;0.6912065941066847;0.9193951577111206;0.35724665736656946;0.811725563916465;0.38874871784680803
