0.4946544060198438;0.6475106617162026;0.411727091613732;0.6239625034024655;0.7996823543940214;0.18863609434414727;0.594630973934191;0.4497257084443368;0.029403261145969584;0.16418436609689158
0.6918462877190571;0.7780818950677798;0.6686294573711108;0.38900351647376635;0.7575269656690162;0.45244153378644986;0.5531913635936073;0.2439007711664297;0.10842564189753792;0.41271026695739793
0.7843724129333701;0.927096995435229;0.843244384140591;0.11512300660460442;0.0806024462378084;0.5352606100937555;0.8339493569026729;0.7080447620321557;0.05280213236035127;0.5197388613027859
0.3186559196952276;0.3938276565012963;0.9319142275113641;0.9047232604449664;0.26460921420592337;0.4782548989453348;0.8221525103492231;0.8963742798202314;0.5042039546593869;0.43534024814522965
0.2038393047823269;0.7985751387095413;0.7202805162536859;0.03442096975435662;0.5986187466495814;0.9441026849477788;0.9149336110651115;0.33308869123247015;0.8775897006925716;0.6595165809854389
0.5558069994458894;0.9788688389147877;0.546400258907332;0.6509171810096094;0.47596953113005397;0.5837916554661792;0.3757540628938054;0.18627185361341084;0.4199616769927995;0.06761801901906868
0.26770662318743094;0.5734386281701789;0.7975063186303685;0.14040317625936147;0.5814422901494284;0.29328365827228137;0.23495548994178966;0.6075216629627377;0.4935134611334373;0.3463960644518905
0.14771906579524757;0.8930583524454301;0.24765611460849404;0.8189267721186472;0.9758081754675958;0.869653170437379;0.10543342382605694;0.5002785989770097;0.9295389180087847;0.7280261985256771
0.8589301980234735;0.5869694570038041;0.018409547946768877;0.27581703484052805;0.8679575880788214;0.0414072495943965;0.9826119087048504;0.48202676854210774;0.8488772931147933;0.9191881588154054
0.3540832175153504;0.05823338663455093;0.46005789023230365;0.21666748394333873;0.7174322917978301;0.8203410238774136;0.25997468032593524;0.15690999509107742;0.333615672694624;0.8235909764561249
0.43685199302978556;0.20203748303934588;0.07492620847265315;0.05212461663148353;0.18147064582839678;0.3360415271371337;0.7290171609157549;0.550451530060577;0.5778121406902755;0.47790557948721996
0.7255576537395868;0.7159566836371978;0.8828041661274855;0.37005181515568325;0.44086291702941116;0.9979311063025047;0.14188196396735617;0.9291100005787876;0.2336140338384832;0.5535884491075697
0.8278559048050651;0.2819477256337589;0.9961590620352357;0.9937439332785978;0.6658742068521019;0.05692450745334972;0.015963479667633874;0.7816570361983421;0.6128332902623783;0.18391444282518163
0.39403770707857944;0.03521901579649374;0.5867035377383502;0.29528834699281736;0.34999403778879873;0.8974034717576422;0.6910848334063188;0.6288361577743368;0.6411017097213048;0.2674354409403076
0.017488226389339622;0.22879524617513175;0.25950440459541857;0.20724470780337684;0.16296965150592108;0.28726728449420663;0.5318043418532324;0.0015552595687872816;0.13834193464106584;0.038747824911103554
0.937350054098966;0.5083081640793945;0.641128645636679;0.7439185266549124;0.682061153246509;0.6768202254896201;0.49622917907095265;0.39962279236100384;0.6844617108598731;0.21048029237285087
0.6209146490882703;0.4725283016143467;0.11659663257825725;0.4601504167823299;0.22474663267842301;0.5762030027052033;0.34980928776490816;0.7404024671036938;0.2627880862291713;0.6063892062331174
0.24649869430404422;0.8676907873395697;0.31516267583829133;0.4415099243156339;0.023653421529044392;0.09216032270389105;0.6489817397040384;0.8645821161886339;0.9839677332349277;0.31495063959414266
0.5062094547805432;0.43476623932115704;0.761050046307059;0.5525833120398882;0.5263699814296223;0.13190876401162432;0.9496032229318082;0.8194601208774911;0.40743690143947253;0.8798342763237861
0.051775387744509335;0.1245305558554231;0.34582585329161447;0.871797652352915;0.9098495734245201;0.7664324315448646;0.4233589346427757;0.1109358285062683;0.7737197605825923;0.1104439710913799
0.11608943125668096;0.7065083493450613;0.521518615531485;0.6899020364387827;0.10339578730513636;0.22874569739284914;0.06332359963965403;0.9818456500515221;0.72329040925501;0.7514901567382645
0.6339427151939258;0.35429171150546;0.20607289538656745;0.7583935350714289;0.9566016311541705;0.3757471383891797;0.7871289463471594;0.2645011683110146;0.16910551001501237;0.9703182654662929
0.8841608395682453;0.14103005488996243;0.16150490113366667;0.5353415355318629;0.3285523261234923;0.7486822313047615;0.3289145942689909;0.050998163778698924;0.8071449326617257;0.6977868733681617
0.965953324198033;0.3195235915012619;0.43027111269486723;0.9320741329177539;0.4027144814323057;0.6515757791097263;0.1726488548226386;0.3721835553279116;0.3064311956847998;0.8539623522853432
