0.020833333333333304;0.5
0.0625;0.25
0.1041666666666667;0.75
0.14583333333333334;0.125
0.1875;0.625
0.22916666666666666;0.375
0.2708333333333333;0.875
0.3125;0.0625
0.3541666666666667;0.5625
0.3958333333333333;0.3125
0.4375;0.8125
0.4791666666666667;0.1875
0.5208333333333334;0.6875
0.5625;0.4375
0.6041666666666666;0.9375
0.6458333333333334;0.03125
0.6875;0.53125
0.7291666666666666;0.28125
0.7708333333333334;0.78125
0.8125;0.15625
0.8541666666666666;0.65625
0.8958333333333334;0.40625
0.9375;0.90625
0.9791666666666666;0.09375
