0.7495932114303164;0.3866015389687041;0.8018934659002767;0.31689650080832404;0.3164815574654027
0.931784468882452;0.26129933362814506;0.28108560450268105;0.3447997793552864;0.7808991441834684
0.6818557462061995;0.31777740759996415;0.1709672597955568;0.44518399913311324;0.49318732839174784
0.2753189423981201;0.8157616964319502;0.20983192265396028;0.254810806004867;0.36991852427132804
0.5955511881952474;0.6925762581901979;0.8694228576361585;0.06640686392079118;0.8139279123071157
0.5397116424693749;0.4925916260642878;0.9182407848174623;0.5761493532828582;0.07180529115947039
0.06043957308821897;0.19438605942021764;0.07844849450175673;0.854435200417004;0.6689225266777973
0.7931111870286033;0.15704167242964254;0.43050420699285974;0.5303794162820656;0.13102661941309385
0.9822000027621265;0.08934666614045969;0.7293044482993095;0.1609491120970899;0.6382166037999084
0.8894016585397955;0.9138940368425882;0.35918562898750417;0.9584739527043208;0.9632065322043358
0.17736343272889657;0.05227845748855806;0.6239861499483156;0.006561016270866115;0.6100737598842811
0.09693781191760306;0.740285700055287;0.46489819633466817;0.19154525846110868;0.8873046671432474
0.8522900860479711;0.8521547397865203;0.3072258254735976;0.7071788358121887;0.1760232110786594
0.015148003812568422;0.038055514313954666;0.03793308870720731;0.7894420085360196;0.2690144804058455
0.6423450575503159;0.5550121325355161;0.5206260995619013;0.41207496033743746;0.7124199777248964
0.4835661618300532;0.5913148127617439;0.39620960806851585;0.6557077699366015;0.8411049707443169
0.3319248382408293;0.9711033296250575;0.9083838338968484;0.09648314206156652;0.563373942059443
0.1496773836999088;0.44316583483029676;0.9906488482265218;0.7109977204954769;0.21476529704535788
0.7693496167733556;0.9333910400927454;0.13566746182386283;0.8322544614122475;0.43961671695084503
0.33792476632977814;0.24450414554290584;0.6919986694339557;0.9446474283872061;0.9422590472821785
0.42800999653802113;0.7723482467046613;0.7802558973591585;0.21796461484127794;0.1201156269683941
0.24438206175628552;0.6388241151878117;0.10365787956587376;0.5880834874462194;0.5311396004555528
0.3988210267324581;0.36823298611120925;0.6521110885411185;0.49492826338186074;0.39491583747744613
0.5620633427476603;0.534877667179423;0.5766661025540359;0.9020127201570238;0.009545604052409918
