0.020833333333333304;0.5;0.6666666666666666;0.4;0.7142857142857143;0.6363636363636364
0.0625;0.25;0.3333333333333333;0.6;0.8571428571428571;0.5454545454545454
0.1041666666666667;0.75;0.22222222222222224;0.8;0.42857142857142855;0.4545454545454545
0.14583333333333334;0.125;0.888888888888889;0.2;0.2857142857142857;0.7272727272727273
0.1875;0.625;0.5555555555555556;0.07999999999999999;0.14285714285714285;0.8181818181818181
0.22916666666666666;0.375;0.11111111111111112;0.4800000000000001;0.5714285714285714;0.909090909090909
0.2708333333333333;0.875;0.7777777777777777;0.6799999999999999;0.10204081632653059;0.2727272727272727
0.3125;0.0625;0.4444444444444445;0.8800000000000001;0.8163265306122449;0.36363636363636365
0.3541666666666667;0.5625;0.07407407407407404;0.28;0.9591836734693878;0.09090909090909091
0.3958333333333333;0.3125;0.7407407407407407;0.12000000000000002;0.5306122448979591;0.18181818181818182
0.4375;0.8125;0.40740740740740733;0.52;0.3877551020408163;0.05785123966942152
0.4791666666666667;0.1875;0.2962962962962963;0.72;0.24489795918367346;0.6942148760330579
0.5208333333333334;0.6875;0.962962962962963;0.9200000000000002;0.673469387755102;0.6033057851239669
0.5625;0.4375;0.6296296296296297;0.32;0.12244897959183673;0.512396694214876
0.6041666666666666;0.9375;0.18518518518518517;0.16;0.8367346938775511;0.7851239669421488
0.6458333333333334;0.03125;0.8518518518518517;0.56;0.9795918367346939;0.8760330578512396
0.6875;0.53125;0.5185185185185185;0.76;0.5510204081632653;0.9669421487603305
0.7291666666666666;0.28125;0.03703703703703702;0.9600000000000002;0.40816326530612246;0.3305785123966942
0.7708333333333334;0.78125;0.7037037037037037;0.36;0.26530612244897955;0.42148760330578516
0.8125;0.15625;0.37037037037037035;0.040000000000000036;0.6938775510204082;0.1487603305785124
0.8541666666666666;0.65625;0.25925925925925924;0.44000000000000006;0.061224489795918394;0.2396694214876033
0.8958333333333334;0.40625;0.9259259259259258;0.64;0.7755102040816326;0.04958677685950415
0.9375;0.90625;0.5925925925925926;0.8400000000000001;0.9183673469387754;0.6859504132231404
0.9791666666666666;0.09375;0.14814814814814814;0.24000000000000005;0.4897959183673469;0.5950413223140496
