0.020833333333333304;0.5;0.6666666666666666;0.6;0.5714285714285714;0.36363636363636365;0.9230769230769231
0.0625;0.25;0.3333333333333333;0.2;0.14285714285714285;0.6363636363636364;0.6923076923076923
0.1041666666666667;0.75;0.22222222222222224;0.8;0.2857142857142857;0.8181818181818181;0.6153846153846154
0.14583333333333334;0.125;0.888888888888889;0.4;0.8571428571428571;0.09090909090909091;0.3076923076923077
0.1875;0.625;0.5555555555555556;0.12000000000000002;0.7142857142857143;0.7272727272727273;0.46153846153846156
0.22916666666666666;0.375;0.11111111111111112;0.72;0.42857142857142855;0.2727272727272727;0.5384615384615384
0.2708333333333333;0.875;0.7777777777777777;0.32;0.0816326530612245;0.18181818181818182;0.38461538461538464
0.3125;0.0625;0.4444444444444445;0.9200000000000002;0.6530612244897959;0.5454545454545454;0.7692307692307693
0.3541666666666667;0.5625;0.07407407407407404;0.52;0.22448979591836732;0.4545454545454545;0.8461538461538461
0.3958333333333333;0.3125;0.7407407407407407;0.040000000000000036;0.36734693877551017;0.909090909090909;0.23076923076923078
0.4375;0.8125;0.40740740740740733;0.64;0.9387755102040816;0.0330578512396694;0.07692307692307691
0.4791666666666667;0.1875;0.2962962962962963;0.24000000000000005;0.7959183673469388;0.39669421487603307;0.15384615384615383
0.5208333333333334;0.6875;0.962962962962963;0.8400000000000001;0.5102040816326531;0.6694214876033058;0.07100591715976332
0.5625;0.4375;0.6296296296296297;0.44000000000000006;0.0204081632653061;0.8512396694214877;0.9940828402366865
0.6041666666666666;0.9375;0.18518518518518517;0.16;0.5918367346938775;0.12396694214876032;0.7633136094674556
0.6458333333333334;0.03125;0.8518518518518517;0.76;0.163265306122449;0.7603305785123967;0.6863905325443788
0.6875;0.53125;0.5185185185185185;0.36;0.30612244897959184;0.30578512396694213;0.37869822485207105
0.7291666666666666;0.28125;0.03703703703703702;0.9600000000000002;0.8775510204081632;0.21487603305785125;0.5325443786982249
0.7708333333333334;0.78125;0.7037037037037037;0.56;0.7346938775510204;0.5785123966942148;0.6094674556213018
0.8125;0.15625;0.37037037037037035;0.07999999999999999;0.44897959183673464;0.487603305785124;0.4556213017751479
0.8541666666666666;0.65625;0.25925925925925924;0.6799999999999999;0.0408163265306122;0.9421487603305785;0.8402366863905326
0.8958333333333334;0.40625;0.9259259259259258;0.28;0.6122448979591837;0.05785123966942152;0.9171597633136095
0.9375;0.90625;0.5925925925925926;0.8800000000000001;0.18367346938775508;0.42148760330578516;0.30177514792899407
0.9791666666666666;0.09375;0.14814814814814814;0.4800000000000001;0.32653061224489793;0.6942148760330579;0.14792899408284024
