0.023286543489544974;0.3684325221032348;0.4082498274532159;0.06739542038147235;0.1246148566444619;0.468960184094574;0.6938139774927246;0.5407897125014581;0.23393220839417045
0.3275092254884003;0.6655178583053899;0.18194040099822506;0.7093280566543981;0.7492407750451585;0.2546660190432289;0.7899656713868709;0.9806989295329321;0.0872928798030391
0.25074477795613176;0.4414253248036708;0.12590791933830334;0.2733963737612764;0.6987168306876367;0.7686513308898727;0.23138998481190134;0.2798759244290158;0.5771500254725702
0.5304486505252051;0.08000978936569769;0.5910664614612426;0.5353639235644252;0.8149703325347033;0.6867928320626113;0.4272194411101927;0.618829391247952;0.8794349003459461
0.5789440659161149;0.25696864401859676;0.712917987372729;0.23696906875615484;0.22778393783259557;0.8909427983865928;0.281850261399118;0.14940454441702192;0.7953181265908524
0.04384308289855401;0.7932086634170238;0.44190867657270505;0.8902837591202287;0.7915762699651704;0.3359499205940372;0.35756604484239696;0.9319551638822163;0.07349527673622891
0.9798001963605175;0.119869975057835;0.2430090253203728;0.6553680035003224;0.20606681444949565;0.13272706268969045;0.04322156251216373;0.769879892834387;0.7635926340826451
0.8616162574658066;0.5830258842860445;0.8903334508390996;0.4382334535612733;0.6249209472186158;0.5301853890846454;0.40395025230275505;0.34632914392296293;0.6076373031706671
0.6081365174188681;0.1875133246008207;0.9530362811899613;0.9779549365715943;0.9094451820169741;0.3290362594423894;0.6561832796888641;0.4447501329085986;0.028649525808193667
0.10713570234177858;0.7208799861884699;0.48011853668866245;0.039929724450660765;0.49519596687455814;0.9201788907930585;0.18935567209665405;0.8938312663863197;0.4762756200363449
0.6619035170005342;0.411808194402314;0.08549329700893704;0.9514684407312377;0.4522137454107873;0.11478763356555835;0.8037479129263886;0.5485971656792646;0.9274258259333985
0.8248181264453137;0.8599516141438797;0.7638669822788041;0.3682634415245973;0.941220143580825;0.6260656914877888;0.10294732281161076;0.4638753144653756;0.16954471303171648
0.8816814588920925;0.7805552164085982;0.5007232121872339;0.6083728824436859;0.41125916053716355;0.05640659586954282;0.7186963376995709;0.012721554483047636;0.9922640146259638
0.14339486648579558;0.9830349682201446;0.30200719325265696;0.776115971685737;0.9924821851810679;0.3770710406533693;0.2988368262889713;0.8340510037370791;0.31906001442771914
0.9502228653330063;0.01627666126315779;0.6446160954497239;0.19460456447569138;0.8441563804695189;0.2031744059861599;0.857823480320994;0.8097211049998151;0.5115594785497919
0.43186666110000865;0.6050984864101067;0.8289757179636343;0.5580492418157714;0.051250628897377394;0.4415722768682347;0.5029716197129052;0.7337722994507206;0.3551495656354258
0.17822515898646044;0.24404327449914912;0.5774186825340368;0.38414220170045404;0.5540881113456396;0.6042756974080224;0.46898625552619855;0.05489717904756386;0.6297562890403464
0.33479440604963573;0.31402937438925943;0.00033027854643714606;0.8235255021536879;0.6613400957372447;0.8598866614923167;0.15345727823408337;0.23499309906998653;0.6942108085936791
0.6741749012214489;0.9362656459791374;0.86115093439529;0.6933382959452437;0.018983077554030458;0.22738765820619564;0.9861100332874801;0.4082556835386793;0.3759841004465001
0.4848402840818423;0.15077551363066116;0.04519430586934492;0.08704393276518312;0.2636279867075656;0.5463324619078785;0.9426951520807961;0.11054094279356982;0.7376349891734865
0.22410403569924178;0.8861831428725452;0.9686787321407783;0.14925661418259212;0.30874548476444846;0.8141386082810852;0.544150662398111;0.17099697085148194;0.28842123003382936
0.7168348049878288;0.47851638988013007;0.33875553640148987;0.4924980052710108;0.5218462723608864;0.9664741068867609;0.003495407300336062;0.30382730848356826;0.14164963948657805
0.7667742149630697;0.7052395065870941;0.2609771314413704;0.3095370894073487;0.1323502515596368;0.030345616678536656;0.5906026523029261;0.6972938540328086;0.41905118057987584
0.4161643884458865;0.5042957544960674;0.6701590034855175;0.8359819603608601;0.36382044212014725;0.720320354361613;0.8910593447094843;0.6261621107110135;0.8512767047990473
