0.196489758996833;0.6275018284566144;0.5685415850230984;0.27236823050432013;0.6440840328274771;0.184279176690046;0.6619605758556858;0.28814807564950123;0.09542641764849628;0.19692790963187323
0.43077501289751224;0.4310968772587624;0.6660066583650934;0.7075106504401546;0.8182282516379622;0.9572543238913156;0.21502795498571917;0.929539091270487;0.395489118855071;0.8072989218639594
0.769946226181178;0.7748840766624245;0.5944140042234766;0.5596969993590318;0.6774115175672859;0.5576481765503974;0.8781217839132909;0.2607237221186809;0.9668650952534316;0.22287466230249825
0.6915634661985466;0.33378909433705595;0.17742159278405797;0.5310277211210526;0.5856109056177715;0.7518877254582724;0.2327307994571716;0.6637265098779703;0.6238963831602078;0.12124384878805863
0.31801773213780343;0.5985724760369746;0.8173664593367487;0.1257881434787973;0.9807887661129764;0.5962737071869404;0.43300209779423177;0.6506426073628864;0.7379965478039201;0.3080954813319491
0.8210174152868059;0.1247547971635858;0.1885725305156048;0.33174591784542184;0.7657374663475147;0.8185009482099721;0.7212844751644789;0.9747370040483657;0.22699947477003263;0.49399328569803186
0.5426616409494106;0.454461469686522;0.7797098284995921;0.8977517429354638;0.856650839254165;0.7475468181451147;0.9195527121203728;0.4824794163600655;0.809656215926599;0.031198355044986935
0.6222777948234257;0.0644476373280817;0.25637913363091247;0.5711653881880716;0.05544798286212575;0.6364988468375748;0.0291707161549561;0.5069324352697979;0.48782143423936225;0.3469650825745701
0.6775857561892165;0.22346959569151278;0.9377651536333376;0.39671625685800316;0.0003293243654929334;0.5898433329546178;0.39015202719338604;0.7722636151692631;0.8726096914736348;0.43345109306513435
0.4554947835497386;0.5158070912060458;0.7978669029472478;0.4733869056559573;0.09861869270713433;0.051098990839944666;0.5543556868588966;0.6911849446713124;0.41646497089167245;0.7748857227737184
0.4703329744939097;0.8819255097780248;0.974227377432792;0.9180432845736387;0.6941899664426732;0.4765586511253705;0.6056614224461766;0.4472095616115433;0.07034407041574724;0.39290187258916137
0.8737757383916621;0.3927854702742375;0.22458684315352967;0.6063112993374687;0.4296692895066025;0.26557376510785374;0.835281871310983;0.8858763784152688;0.9752358377081268;0.03754382290617055
0.9845001317558923;0.28361724729874077;0.5530966623423519;0.1955015083607893;0.2618524276517041;0.3574369288689118;0.4931113107007922;0.10137512888943538;0.7641488231898397;0.9833923593481506
0.17383433230694476;0.17259571235891497;0.326131253519917;0.08857594346273379;0.3379653783024598;0.33864066480611454;0.2763615049269073;0.8349760964736891;0.5295700003776898;0.2621492871431263
0.0683139975078447;0.8743032844911112;0.36974470329679837;0.24788087280804233;0.07840210559799958;0.8712994652093833;0.1826535641803379;0.32557339629322846;0.36467080064807994;0.5777133027762843
0.7345980614415475;0.3452244254989957;0.7435940921423964;0.7926033840358232;0.12862516918088165;0.29504884066624304;0.12553410443783206;0.8486432631727316;0.1784188316088151;0.8253786412906352
0.01309206810885728;0.19694351830505868;0.6483658037919621;0.12418229762420374;0.505802246077215;0.009655284502134886;0.9467742129227036;0.044132682158605975;0.19367589073790864;0.7099500783774628
0.9343067398204334;0.7026066802543791;0.4317932526845441;0.6420339000541808;0.16358332735079;0.21666199287457602;0.9946710152680108;0.09227540538614579;0.2546755448384702;0.5495520210853189
0.9060350987629885;0.5730129691640821;0.8983413976991536;0.3677452711527789;0.7469883510818862;0.9101681534807289;0.6289698287057038;0.5619745060534586;0.836396160621401;0.4454943370553405
0.9462982471199061;0.1342509425163469;0.5232862090154056;0.9935797972183353;0.7939270909034276;0.4207126297112035;0.5663371758577176;0.5666350944361723;0.3059231063574253;0.8736547435004539
0.5820826458567401;0.9608432931957843;0.46591426754209914;0.30838578582506365;0.4784337434304362;0.6694024339806284;0.10201125068502219;0.9491483143585107;0.4411793501781297;0.5143970055073865
0.4033052606377646;0.26361271993180746;0.02690080168079838;0.9628971376086526;0.5326969543527846;0.8755092284249006;0.36747071200969067;0.23263423961995883;0.915695233552588;0.9156366363760368
0.10282967860444776;0.9692629310701586;0.38339886803582335;0.7704419087003493;0.28819389803638146;0.9763884363986616;0.46714909781502023;0.39267638759633033;0.3234729606418385;0.33867135431033324
0.5223376866025152;0.7407092960030766;0.28774007417457736;0.8334111644883746;0.3954932567195868;0.3944597728268444;0.32604544573686356;0.17687865576240394;0.900149365291323;0.1341088366034421
0.14220312003352778;0.02742630534791246;0.05486403836152158;0.0008209046056003366;0.19822925960313736;0.5068353613363292;0.8583489984116447;0.36287784793048417;0.006533736869734863;0.9665561451724773
0.25262462160416427;0.9274643674462965;0.9311715449649165;0.4413636976353727;0.3508187851760258;0.4410450355345258;0.7727436190193331;0.5979543254937782;0.12963125394979097;0.15746344402846554
0.3050099134269336;0.49110231496138795;0.8491551046101875;0.7439671185239585;0.8846145860055004;0.7977595138886395;0.3065140278911017;0.18788076594059805;0.06089405668269103;0.6137788539550185
0.8041414480514917;0.7958961494353216;0.48040492950186203;0.6580168141097247;0.929701144803127;0.14852593862432245;0.8033263523807392;0.7886648071097875;0.6526466460441323;0.6404991305113468
0.041813985194793;0.5526761389856831;0.14220464749531575;0.15897720580370747;0.2323201611019435;0.2488901283952875;0.5125076437810792;0.7354764878614053;0.538635974889219;0.08153384810242822
0.6349366486107855;0.826297546215422;0.6888405624233567;0.4189620895480191;0.6090904018821768;0.07528117700066614;0.059986440762268244;0.02727896757977035;0.71553807792924;0.6751468882501723
0.22076681180829735;0.05292660285295332;0.07686492475857909;0.8620945945851318;0.9425369494907858;0.12326632127571693;0.699988130089549;0.15619340908364246;0.664083401652076;0.7322220879776025
0.35000838148492924;0.656263295624015;0.10719461526658636;0.034624484822228574;0.4428030049623189;0.699883879895362;0.06704044263544277;0.4367920815438068;0.5919403810707583;0.8913310982415827
