0.015625;0.5;0.6666666666666666
0.046875;0.25;0.3333333333333333
0.078125;0.75;0.22222222222222224
0.109375;0.125;0.888888888888889
0.140625;0.625;0.5555555555555556
0.171875;0.375;0.11111111111111112
0.203125;0.875;0.7777777777777777
0.234375;0.0625;0.4444444444444445
0.265625;0.5625;0.07407407407407404
0.296875;0.3125;0.7407407407407407
0.328125;0.8125;0.40740740740740733
0.359375;0.1875;0.2962962962962963
0.390625;0.6875;0.962962962962963
0.421875;0.4375;0.6296296296296297
0.453125;0.9375;0.18518518518518517
0.484375;0.03125;0.8518518518518517
0.515625;0.53125;0.5185185185185185
0.546875;0.28125;0.03703703703703702
0.578125;0.78125;0.7037037037037037
0.609375;0.15625;0.37037037037037035
0.640625;0.65625;0.25925925925925924
0.671875;0.40625;0.9259259259259258
0.703125;0.90625;0.5925925925925926
0.734375;0.09375;0.14814814814814814
0.765625;0.59375;0.8148148148148147
0.796875;0.34375;0.4814814814814815
0.828125;0.84375;0.024691358024691377
0.859375;0.21875;0.691358024691358
0.890625;0.71875;0.35802469135802467
0.921875;0.46875;0.24691358024691357
0.953125;0.96875;0.9135802469135802
0.984375;0.015625;0.5802469135802469
