0.5;0.6666666666666666;0.8;0.8571428571428571;0.909090909090909
0.25;0.3333333333333333;0.6;0.7142857142857143;0.7272727272727273
0.75;0.22222222222222224;0.4;0.2857142857142857;0.6363636363636364
0.125;0.888888888888889;0.2;0.5714285714285714;0.5454545454545454
0.625;0.5555555555555556;0.16;0.14285714285714285;0.18181818181818182
0.375;0.11111111111111112;0.9600000000000002;0.42857142857142855;0.8181818181818181
0.875;0.7777777777777777;0.76;0.12244897959183673;0.36363636363636365
0.0625;0.4444444444444445;0.56;0.9795918367346939;0.4545454545454545
0.5625;0.07407407407407404;0.36;0.8367346938775511;0.09090909090909091
0.3125;0.7407407407407407;0.12000000000000002;0.40816326530612246;0.2727272727272727
0.8125;0.40740740740740733;0.9200000000000002;0.6938775510204082;0.08264462809917354
0.1875;0.2962962962962963;0.72;0.26530612244897955;0.9917355371900827
0.6875;0.962962962962963;0.52;0.5510204081632653;0.8099173553719009
0.4375;0.6296296296296297;0.32;0.10204081632653059;0.71900826446281
0.9375;0.18518518518518517;0.07999999999999999;0.9591836734693878;0.6280991735537189
0.03125;0.8518518518518517;0.8800000000000001;0.8163265306122449;0.2644628099173554
0.53125;0.5185185185185185;0.6799999999999999;0.3877551020408163;0.9008264462809918
0.28125;0.03703703703703702;0.4800000000000001;0.673469387755102;0.4462809917355372
0.78125;0.7037037037037037;0.28;0.24489795918367346;0.5371900826446281
0.15625;0.37037037037037035;0.040000000000000036;0.5306122448979591;0.17355371900826447
0.65625;0.25925925925925924;0.8400000000000001;0.0408163265306122;0.35537190082644626
0.40625;0.9259259259259258;0.64;0.8979591836734693;0.0661157024793388
0.90625;0.5925925925925926;0.44000000000000006;0.7551020408163266;0.975206611570248
0.09375;0.14814814814814814;0.24000000000000005;0.32653061224489793;0.7933884297520661
0.59375;0.8148148148148147;0.03200000000000003;0.6122448979591837;0.7024793388429752
0.34375;0.4814814814814815;0.8320000000000001;0.18367346938775508;0.6115702479338843
0.84375;0.024691358024691377;0.632;0.4693877551020408;0.24793388429752067
0.21875;0.691358024691358;0.43200000000000005;0.0816326530612245;0.8842975206611572
0.71875;0.35802469135802467;0.23200000000000004;0.9387755102040816;0.4297520661157025
0.46875;0.24691358024691357;0.192;0.7959183673469388;0.5206611570247934
0.96875;0.9135802469135802;0.9920000000000002;0.36734693877551017;0.15702479338842976
0.015625;0.5802469135802469;0.792;0.6530612244897959;0.33884297520661155
