0.015625;0.5;0.3333333333333333;0.4;0.7142857142857143;0.909090909090909
0.046875;0.25;0.6666666666666666;0.2;0.42857142857142855;0.2727272727272727
0.078125;0.75;0.11111111111111112;0.6;0.5714285714285714;0.7272727272727273
0.109375;0.125;0.4444444444444445;0.8;0.8571428571428571;0.36363636363636365
0.140625;0.625;0.7777777777777777;0.07999999999999999;0.2857142857142857;0.6363636363636364
0.171875;0.375;0.22222222222222224;0.4800000000000001;0.14285714285714285;0.4545454545454545
0.203125;0.875;0.5555555555555556;0.28;0.10204081632653059;0.18181818181818182
0.234375;0.0625;0.888888888888889;0.6799999999999999;0.8163265306122449;0.09090909090909091
0.265625;0.5625;0.03703703703703702;0.8800000000000001;0.5306122448979591;0.8181818181818181
0.296875;0.3125;0.37037037037037035;0.040000000000000036;0.673469387755102;0.5454545454545454
0.328125;0.8125;0.7037037037037037;0.44000000000000006;0.9591836734693878;0.08264462809917354
0.359375;0.1875;0.14814814814814814;0.24000000000000005;0.3877551020408163;0.9917355371900827
0.390625;0.6875;0.4814814814814815;0.64;0.24489795918367346;0.35537190082644626
0.421875;0.4375;0.8148148148148147;0.8400000000000001;0.061224489795918394;0.8099173553719009
0.453125;0.9375;0.25925925925925924;0.12000000000000002;0.7755102040816326;0.4462809917355372
0.484375;0.03125;0.5925925925925926;0.52;0.4897959183673469;0.71900826446281
0.515625;0.53125;0.9259259259259258;0.32;0.6326530612244897;0.5371900826446281
0.546875;0.28125;0.07407407407407404;0.72;0.9183673469387754;0.2644628099173554
0.578125;0.78125;0.40740740740740733;0.9200000000000002;0.3469387755102041;0.17355371900826447
0.609375;0.15625;0.7407407407407407;0.16;0.20408163265306123;0.9008264462809918
0.640625;0.65625;0.18518518518518517;0.56;0.0816326530612245;0.6280991735537189
0.671875;0.40625;0.5185185185185185;0.36;0.7959183673469388;0.02479338842975203
0.703125;0.90625;0.8518518518518517;0.76;0.5102040816326531;0.9338842975206612
0.734375;0.09375;0.2962962962962963;0.9600000000000002;0.6530612244897959;0.2975206611570248
0.765625;0.59375;0.6296296296296297;0.016000000000000014;0.9387755102040816;0.7520661157024794
0.796875;0.34375;0.962962962962963;0.41600000000000004;0.36734693877551017;0.38842975206611574
0.828125;0.84375;0.012345679012345645;0.21600000000000003;0.22448979591836732;0.6611570247933884
0.859375;0.21875;0.345679012345679;0.616;0.12244897959183673;0.4793388429752065
0.890625;0.71875;0.6790123456790123;0.8160000000000001;0.8367346938775511;0.20661157024793392
0.921875;0.46875;0.12345679012345681;0.096;0.5510204081632653;0.11570247933884299
0.953125;0.96875;0.4567901234567901;0.4960000000000001;0.6938775510204082;0.8429752066115703
0.984375;0.015625;0.7901234567901234;0.29600000000000004;0.9795918367346939;0.5702479338842975
