0.015625;0.5;0.6666666666666666;0.4;0.5714285714285714;0.8181818181818181;0.3076923076923077
0.046875;0.25;0.3333333333333333;0.8;0.7142857142857143;0.5454545454545454;0.7692307692307693
0.078125;0.75;0.22222222222222224;0.2;0.42857142857142855;0.18181818181818182;0.9230769230769231
0.109375;0.125;0.888888888888889;0.6;0.2857142857142857;0.4545454545454545;0.15384615384615383
0.140625;0.625;0.5555555555555556;0.07999999999999999;0.8571428571428571;0.09090909090909091;0.8461538461538461
0.171875;0.375;0.11111111111111112;0.4800000000000001;0.14285714285714285;0.909090909090909;0.5384615384615384
0.203125;0.875;0.7777777777777777;0.8800000000000001;0.0816326530612245;0.36363636363636365;0.07692307692307691
0.234375;0.0625;0.4444444444444445;0.28;0.6530612244897959;0.7272727272727273;0.6153846153846154
0.265625;0.5625;0.07407407407407404;0.6799999999999999;0.7959183673469388;0.6363636363636364;0.6923076923076923
0.296875;0.3125;0.7407407407407407;0.16;0.5102040816326531;0.2727272727272727;0.38461538461538464
0.328125;0.8125;0.40740740740740733;0.56;0.36734693877551017;0.07438016528925617;0.46153846153846156
0.359375;0.1875;0.2962962962962963;0.9600000000000002;0.9387755102040816;0.8925619834710744;0.23076923076923078
0.390625;0.6875;0.962962962962963;0.36;0.22448979591836732;0.6198347107438016;0.02366863905325447
0.421875;0.4375;0.6296296296296297;0.76;0.10204081632653059;0.25619834710743805;0.33136094674556216
0.453125;0.9375;0.18518518518518517;0.040000000000000036;0.673469387755102;0.5289256198347108;0.7928994082840237
0.484375;0.03125;0.8518518518518517;0.44000000000000006;0.8163265306122449;0.16528925619834708;0.9467455621301776
0.515625;0.53125;0.5185185185185185;0.8400000000000001;0.5306122448979591;0.9834710743801652;0.1775147928994083
0.546875;0.28125;0.03703703703703702;0.24000000000000005;0.3877551020408163;0.4380165289256198;0.8698224852071006
0.578125;0.78125;0.7037037037037037;0.64;0.9591836734693878;0.8016528925619835;0.5621301775147929
0.609375;0.15625;0.37037037037037035;0.12000000000000002;0.24489795918367346;0.7107438016528925;0.10059171597633139
0.640625;0.65625;0.25925925925925924;0.52;0.061224489795918394;0.3471074380165289;0.6390532544378699
0.671875;0.40625;0.9259259259259258;0.9200000000000002;0.6326530612244897;0.04958677685950415;0.7159763313609467
0.703125;0.90625;0.5925925925925926;0.32;0.7755102040816326;0.8677685950413224;0.40828402366863903
0.734375;0.09375;0.14814814814814814;0.72;0.4897959183673469;0.5950413223140496;0.48520710059171607
0.765625;0.59375;0.8148148148148147;0.016000000000000014;0.3469387755102041;0.23140495867768598;0.25443786982248523
0.796875;0.34375;0.4814814814814815;0.41600000000000004;0.9183673469387754;0.5041322314049587;0.05917159763313613
0.828125;0.84375;0.024691358024691377;0.8160000000000001;0.20408163265306123;0.14049586776859507;0.3668639053254438
0.859375;0.21875;0.691358024691358;0.21600000000000003;0.0408163265306122;0.958677685950413;0.8284023668639053
0.890625;0.71875;0.35802469135802467;0.616;0.6122448979591837;0.41322314049586784;0.9822485207100591
0.921875;0.46875;0.24691358024691357;0.096;0.7551020408163266;0.7768595041322315;0.21301775147928997
0.953125;0.96875;0.9135802469135802;0.4960000000000001;0.4693877551020408;0.6859504132231404;0.9053254437869821
0.984375;0.015625;0.5802469135802469;0.8960000000000001;0.32653061224489793;0.32231404958677684;0.5976331360946745
