0.015625;0.5;0.3333333333333333;0.4;0.14285714285714285;0.909090909090909;0.8461538461538461;0.5882352941176471
0.046875;0.25;0.6666666666666666;0.6;0.42857142857142855;0.8181818181818181;0.23076923076923078;0.9411764705882353
0.078125;0.75;0.11111111111111112;0.2;0.7142857142857143;0.7272727272727273;0.5384615384615384;0.7647058823529411
0.109375;0.125;0.4444444444444445;0.8;0.8571428571428571;0.09090909090909091;0.15384615384615383;0.8235294117647058
0.140625;0.625;0.7777777777777777;0.07999999999999999;0.5714285714285714;0.6363636363636364;0.6153846153846154;0.4117647058823529
0.171875;0.375;0.22222222222222224;0.4800000000000001;0.2857142857142857;0.18181818181818182;0.38461538461538464;0.1764705882352941
0.203125;0.875;0.5555555555555556;0.6799999999999999;0.0204081632653061;0.36363636363636365;0.9230769230769231;0.35294117647058826
0.234375;0.0625;0.888888888888889;0.28;0.163265306122449;0.2727272727272727;0.07692307692307691;0.11764705882352944
0.265625;0.5625;0.03703703703703702;0.8800000000000001;0.44897959183673464;0.5454545454545454;0.6923076923076923;0.6470588235294118
0.296875;0.3125;0.37037037037037035;0.12000000000000002;0.7346938775510204;0.4545454545454545;0.3076923076923077;0.05882352941176468
0.328125;0.8125;0.7037037037037037;0.52;0.8775510204081632;0.08264462809917354;0.46153846153846156;0.8823529411764707
0.359375;0.1875;0.14814814814814814;0.72;0.5918367346938775;0.9917355371900827;0.7692307692307693;0.7058823529411765
0.390625;0.6875;0.4814814814814815;0.32;0.30612244897959184;0.9008264462809918;0.06508875739644973;0.5294117647058824
0.421875;0.4375;0.8148148148148147;0.9200000000000002;0.061224489795918394;0.8099173553719009;0.9112426035502958;0.23529411764705882
0.453125;0.9375;0.25925925925925924;0.040000000000000036;0.20408163265306123;0.17355371900826447;0.2958579881656805;0.29411764705882354
0.484375;0.03125;0.5925925925925926;0.44000000000000006;0.4897959183673469;0.71900826446281;0.6035502958579881;0.47058823529411764
0.515625;0.53125;0.9259259259259258;0.64;0.7755102040816326;0.2644628099173554;0.21893491124260356;0.03460207612456747
0.546875;0.28125;0.07407407407407404;0.24000000000000005;0.9183673469387754;0.4462809917355372;0.6804733727810651;0.6228373702422145
0.578125;0.78125;0.40740740740740733;0.8400000000000001;0.6326530612244897;0.35537190082644626;0.4497041420118343;0.9757785467128027
0.609375;0.15625;0.7407407407407407;0.16;0.3469387755102041;0.6280991735537189;0.9881656804733728;0.7993079584775086
0.640625;0.65625;0.18518518518518517;0.56;0.10204081632653059;0.5371900826446281;0.14201183431952663;0.8581314878892734
0.671875;0.40625;0.5185185185185185;0.76;0.24489795918367346;0.07438016528925617;0.757396449704142;0.44636678200692037
0.703125;0.90625;0.8518518518518517;0.36;0.5306122448979591;0.9834710743801652;0.3727810650887574;0.21107266435986158
0.734375;0.09375;0.2962962962962963;0.9600000000000002;0.8163265306122449;0.8925619834710744;0.5266272189349113;0.38754325259515576
0.765625;0.59375;0.6296296296296297;0.016000000000000014;0.9591836734693878;0.8016528925619835;0.834319526627219;0.15224913494809691
0.796875;0.34375;0.962962962962963;0.41600000000000004;0.673469387755102;0.16528925619834708;0.017751479289940874;0.6816608996539792
0.828125;0.84375;0.012345679012345645;0.616;0.3877551020408163;0.7107438016528925;0.8639053254437868;0.09342560553633214
0.859375;0.21875;0.345679012345679;0.21600000000000003;0.12244897959183673;0.25619834710743805;0.24852071005917162;0.916955017301038
0.890625;0.71875;0.6790123456790123;0.8160000000000001;0.26530612244897955;0.4380165289256198;0.5562130177514792;0.740484429065744
0.921875;0.46875;0.12345679012345681;0.096;0.5510204081632653;0.3471074380165289;0.17159763313609472;0.5640138408304498
0.953125;0.96875;0.4567901234567901;0.4960000000000001;0.8367346938775511;0.6198347107438016;0.6331360946745562;0.2698961937716263
0.984375;0.015625;0.7901234567901234;0.696;0.9795918367346939;0.5289256198347108;0.40236686390532544;0.32871972318339104
