0.5065735413139745;0.057791594123607036;0.04552357494598249;0.6123823830430173;0.12806537783409128;0.8706699716471762;0.3800728026397447;0.26872379370495714;0.30981989596215287
0.8702870329908606;0.5410275847587707;0.9629340285718488;0.7848158118172595;0.1991522926866684;0.7893387799218542;0.46155638273403365;0.049966027649067615;0.5908739813598777
0.8261879314760702;0.9724963810631235;0.5579155558962319;0.36381053869615876;0.8011083106024521;0.931466018773811;0.6448627653311229;0.39802705070466554;0.22729761874179988
0.12940437399518556;0.4280249604502022;0.23678340134388903;0.5910786468641457;0.4782071158421273;0.46707578103248065;0.2354154282113355;0.7874975990233971;0.6892476632468558
0.022842795341377453;0.2729220359930423;0.5189098102086254;0.2708213699790679;0.7641522359313211;0.611264037025463;0.7964756517951077;0.3339435764211449;0.20583420966334054
0.26690624963706566;0.10890886374215758;0.5905718692197485;0.07346664405101996;0.9845423811092895;0.38476768583752485;0.041769836117829674;0.3117618991475241;0.17902009764939003
0.9256981294485925;0.699221839279384;0.0682521413879292;0.48116835683520004;0.5625818944169368;0.9452237188482304;0.25600900440235197;0.9703517495314318;0.6331593903423421
0.23494674469598187;0.7439605846388743;0.3527247086517488;0.22080589560415892;0.6199343388426802;0.8824823565267254;0.5374370775619705;0.7236454630092516;0.05966406813997747
0.969409562607409;0.026085707387653746;0.2028480771465487;0.41854830527016007;0.9096068607496106;0.41464965336258236;0.0139635405406632;0.14620674584000018;0.07401210549408983
0.7311411057935399;0.3858577077182593;0.9688257564878068;0.8357751418463227;0.043421373436034735;0.1400876331775315;0.10990995310101308;0.9451454114482523;0.8618001559699493
0.5399567069826767;0.28879349688168127;0.16113524160621306;0.9017334792262733;0.23344758447956715;0.08037221410339593;0.4102399114576186;0.1681044519617026;0.13558953249186115
0.5659396962572892;0.5975134821359775;0.31713702656118997;0.7093795445393783;0.09111293194751494;0.5356986085707475;0.5301019665190371;0.09733583719314369;0.9718642250287883
0.7902038840456618;0.8894942267272944;0.2624818255192699;0.4603557529211992;0.39912612760505334;0.276586001538262;0.13135075740342836;0.8633517926142564;0.4680151381021502
0.9439778408598796;0.18156147951777984;0.46936345675709507;0.9127898422212845;0.6358304041661461;0.32285843515829016;0.6100247587172696;0.4762084960065451;0.6151182040204767
0.403913677697284;0.2413210884610618;0.8914681862730418;0.503811345965136;0.9417556393454382;0.6564715613921731;0.3746031071445266;0.9074794075908246;0.40657517367616397
0.48385491385714124;0.9248411725817325;0.6908177740000568;0.9592673802064502;0.8210796894799863;0.04875251018613458;0.8431400807413111;0.6742021730430864;0.9652050297395822
0.30070874824875443;0.8182579625490423;0.01941690425282232;0.7245697083780244;0.8563343678246497;0.34565955782364205;0.7079976672269593;0.09122843866612004;0.7975225458058387
0.049482445693996624;0.6337062278383063;0.6376310639954716;0.20855296666047404;0.3549718197573794;0.9950770107355794;0.3226927184332873;0.8298604816818687;0.7713923631451894
0.7074320757754285;0.3745942495806317;0.8273356453262414;0.7628803039952745;0.8937471235671837;0.8170396856097055;0.1893209473485938;0.6030364771909023;0.9018201998161499
0.37207814496082275;0.7591799383232962;0.6226216334673119;0.6445094627684619;0.7149649396944843;0.11817548787442504;0.9860020781538182;0.543141842664887;0.6847183780701619
0.4292025062740657;0.31645174032982115;0.1292050966614145;0.12063287871411044;0.5555004219098335;0.6524622969527566;0.16485655445400127;0.4170167506793076;0.38586999909123315
0.1735528280296538;0.5092161021817334;0.3750322461283846;0.018292443314006767;0.3006624764747371;0.6969850460060488;0.5757064817399574;0.8785824971530296;0.33594576129489834
0.1920085171516867;0.14702922907575644;0.7579229781451873;0.3048254865292951;0.5290041254171806;0.23124824035718508;0.884418572348902;0.015922550665856416;0.343871933833095
0.6833949789773202;0.0764626876153959;0.7838500840862455;0.343085892651791;0.41693408393230735;0.28152425398896663;0.07095966666824456;0.46757131783724687;0.5324126784680203
0.8767349164356626;0.6847625749444194;0.6805908313458244;0.1733427481442502;0.1674704013062533;0.5677857457254306;0.7285508705632657;0.20996000574368115;0.10195663348106825
0.08877852772619761;0.46251751925937945;0.9246841046249952;0.548124618559882;0.25144632768204644;0.19461923679527665;0.4920843128717184;0.7068854037693858;0.5271090204294332
0.7547474588904394;0.5821030157061264;0.2984252187547581;0.053875620128017145;0.45730762033974076;0.7572167440678185;0.7579437919315597;0.5811633256569506;0.727834022632967
0.4533467626422004;0.20767345045070762;0.4138822076002242;0.6631329784032273;0.7347501361994664;0.7406861108181021;0.29922411158260864;0.34821397042111446;0.0020806210392977143
0.6505270985532746;0.9607526991452817;0.7255988280299352;0.8573401481933974;0.3218366583248168;0.48335715926700373;0.9423845168329225;0.24803979795078868;0.8129234490267724
0.10726589149812357;0.8498538882664132;0.43901348831561504;0.14361143822170383;0.6818476846292247;0.007511030885534975;0.9353947553343123;0.5051431152224182;0.4693967787501812
0.6075713991600605;0.7889143238940779;0.8559622968859903;0.40292809806513114;0.12271322535049922;0.5235714152417505;0.6873803179546809;0.6272567461901957;0.9370910703240487
0.34271091776316204;0.4801554648261055;0.10932770692457545;0.9930062349532696;0.029599856388666978;0.18150379096290448;0.84940013996278;0.7611794951684641;0.25015666673664155
