0.0125;0.5;0.6666666666666666;0.6;0.2857142857142857;0.2727272727272727;0.6153846153846154;0.4117647058823529;0.5789473684210527;0.9130434782608695
0.0375;0.25;0.3333333333333333;0.4;0.7142857142857143;0.6363636363636364;0.9230769230769231;0.47058823529411764;0.10526315789473681;0.13043478260869565
0.0625;0.75;0.22222222222222224;0.2;0.8571428571428571;0.8181818181818181;0.07692307692307691;0.23529411764705882;0.21052631578947367;0.8695652173913043
0.0875;0.125;0.888888888888889;0.8;0.42857142857142855;0.909090909090909;0.7692307692307693;0.5294117647058824;0.7368421052631579;0.782608695652174
0.1125;0.625;0.5555555555555556;0.12000000000000002;0.5714285714285714;0.36363636363636365;0.3076923076923077;0.9411764705882353;0.8947368421052632;0.43478260869565216
0.1375;0.375;0.11111111111111112;0.72;0.14285714285714285;0.09090909090909091;0.38461538461538464;0.1764705882352941;0.15789473684210525;0.9565217391304348
0.1625;0.875;0.7777777777777777;0.52;0.0408163265306122;0.5454545454545454;0.46153846153846156;0.29411764705882354;0.6842105263157895;0.17391304347826084
0.1875;0.0625;0.4444444444444445;0.32;0.32653061224489793;0.18181818181818182;0.6923076923076923;0.05882352941176468;0.9473684210526315;0.34782608695652173
0.2125;0.5625;0.07407407407407404;0.9200000000000002;0.7551020408163266;0.7272727272727273;0.5384615384615384;0.8235294117647058;0.3157894736842105;0.08695652173913046
0.2375;0.3125;0.7407407407407407;0.07999999999999999;0.8979591836734693;0.4545454545454545;0.8461538461538461;0.7647058823529411;0.5263157894736842;0.6086956521739131
0.2625;0.8125;0.40740740740740733;0.6799999999999999;0.4693877551020408;0.02479338842975203;0.15384615384615383;0.6470588235294118;0.2631578947368421;0.4782608695652174
0.2875;0.1875;0.2962962962962963;0.4800000000000001;0.6122448979591837;0.2975206611570248;0.23076923076923078;0.7058823529411765;0.7894736842105263;0.30434782608695654
0.3125;0.6875;0.962962962962963;0.28;0.18367346938775508;0.6611570247933884;0.047337278106508854;0.11764705882352944;0.3684210526315789;0.826086956521739
0.3375;0.4375;0.6296296296296297;0.8800000000000001;0.10204081632653059;0.8429752066115703;0.6627218934911243;0.35294117647058826;0.8421052631578947;0.21739130434782608
0.3625;0.9375;0.18518518518518517;0.040000000000000036;0.3877551020408163;0.9338842975206612;0.9704142011834321;0.8823529411764707;0.631578947368421;0.6521739130434783
0.3875;0.03125;0.8518518518518517;0.64;0.8163265306122449;0.38842975206611574;0.12426035502958577;0.5882352941176471;0.052631578947368404;0.04347826086956523
0.4125;0.53125;0.5185185185185185;0.44000000000000006;0.9591836734693878;0.11570247933884299;0.8165680473372781;0.024221453287197204;0.47368421052631576;0.7391304347826086
0.4375;0.28125;0.03703703703703702;0.24000000000000005;0.5306122448979591;0.5702479338842975;0.3550295857988166;0.4359861591695501;0.42105263157894735;0.2608695652173913
0.4625;0.78125;0.7037037037037037;0.8400000000000001;0.673469387755102;0.20661157024793392;0.43195266272189353;0.49480968858131485;0.030470914127423844;0.6956521739130435
0.4875;0.15625;0.37037037037037035;0.16;0.24489795918367346;0.7520661157024794;0.5088757396449705;0.25951557093425603;0.6094182825484765;0.5217391304347826
0.5125;0.65625;0.25925925925925924;0.76;0.12244897959183673;0.4793388429752065;0.7396449704142012;0.5536332179930796;0.13573407202216065;0.391304347826087
0.5375;0.40625;0.9259259259259258;0.56;0.40816326530612246;0.05785123966942152;0.5857988165680473;0.9653979238754327;0.24099722991689748;0.5652173913043478
0.5625;0.90625;0.5925925925925926;0.36;0.8367346938775511;0.3305785123966942;0.8934911242603552;0.20069204152249137;0.7673130193905817;0.03969754253308126
0.5875;0.09375;0.14814814814814814;0.9600000000000002;0.9795918367346939;0.6942148760330579;0.20118343195266272;0.31833910034602075;0.9252077562326871;0.9527410207939508
0.6125;0.59375;0.8148148148148147;0.02400000000000002;0.5510204081632653;0.8760330578512396;0.2781065088757397;0.08304498269896196;0.18836565096952906;0.17013232514177692
0.6375;0.34375;0.4814814814814815;0.624;0.6938775510204082;0.9669421487603305;0.07100591715976332;0.8477508650519031;0.7146814404432134;0.9092627599243857
0.6625;0.84375;0.024691358024691377;0.42400000000000004;0.26530612244897955;0.42148760330578516;0.6863905325443788;0.7889273356401384;0.9778393351800554;0.8223062381852554
0.6875;0.21875;0.691358024691358;0.22400000000000003;0.061224489795918394;0.1487603305785124;0.9940828402366865;0.6712802768166091;0.3462603878116343;0.47448015122873344
0.7125;0.71875;0.35802469135802467;0.8240000000000001;0.3469387755102041;0.6033057851239669;0.14792899408284024;0.7301038062283738;0.556786703601108;0.9962192816635161
0.7375;0.46875;0.24691358024691357;0.144;0.7755102040816326;0.2396694214876033;0.8402366863905326;0.14186851211072665;0.2936288088642659;0.21361058601134214
0.7625;0.96875;0.9135802469135802;0.744;0.9183673469387754;0.7851239669421488;0.37869822485207105;0.3771626297577855;0.8199445983379501;0.387523629489603
0.7875;0.015625;0.5802469135802469;0.544;0.4897959183673469;0.512396694214876;0.4556213017751479;0.9065743944636677;0.39889196675900274;0.12665406427221174
0.8125;0.515625;0.13580246913580246;0.34400000000000003;0.6326530612244897;0.07438016528925617;0.5325443786982249;0.6124567474048443;0.8725761772853187;0.6483931947069944
0.8375;0.265625;0.8024691358024689;0.9440000000000002;0.20408163265306123;0.3471074380165289;0.7633136094674556;0.02768166089965396;0.6620498614958449;0.5179584120982987
0.8625;0.765625;0.4691358024691358;0.10400000000000001;0.0816326530612245;0.7107438016528925;0.6094674556213018;0.4394463667820069;0.08310249307479226;0.3440453686200378
0.8875;0.140625;0.09876543209876543;0.704;0.36734693877551017;0.8925619834710744;0.9171597633136095;0.4982698961937716;0.5041551246537396;0.8657844990548205
0.9125;0.640625;0.7654320987654321;0.504;0.7959183673469388;0.9834710743801652;0.22485207100591714;0.2629757785467128;0.4515235457063712;0.2570888468809074
0.9375;0.390625;0.43209876543209874;0.30400000000000005;0.9387755102040816;0.4380165289256198;0.30177514792899407;0.5570934256055363;0.005540166204986185;0.6918714555765596
0.9625;0.890625;0.32098765432098764;0.9040000000000001;0.5102040816326531;0.16528925619834708;0.0059171597633135955;0.9688581314878892;0.5844875346260388;0.08317580340264649
0.9875;0.078125;0.9876543209876543;0.06399999999999997;0.6530612244897959;0.6198347107438016;0.6213017751479291;0.20415224913494812;0.110803324099723;0.77882797731569
