0.0125;0.5
0.0375;0.25
0.0625;0.75
0.0875;0.125
0.1125;0.625
0.1375;0.375
0.1625;0.875
0.1875;0.0625
0.2125;0.5625
0.2375;0.3125
0.2625;0.8125
0.2875;0.1875
0.3125;0.6875
0.3375;0.4375
0.3625;0.9375
0.3875;0.03125
0.4125;0.53125
0.4375;0.28125
0.4625;0.78125
0.4875;0.15625
0.5125;0.65625
0.5375;0.40625
0.5625;0.90625
0.5875;0.09375
0.6125;0.59375
0.6375;0.34375
0.6625;0.84375
0.6875;0.21875
0.7125;0.71875
0.7375;0.46875
0.7625;0.96875
0.7875;0.015625
0.8125;0.515625
0.8375;0.265625
0.8625;0.765625
0.8875;0.140625
0.9125;0.640625
0.9375;0.390625
0.9625;0.890625
0.9875;0.078125
