0.0125;0.5;0.3333333333333333
0.0375;0.25;0.6666666666666666
0.0625;0.75;0.11111111111111112
0.0875;0.125;0.4444444444444445
0.1125;0.625;0.7777777777777777
0.1375;0.375;0.22222222222222224
0.1625;0.875;0.5555555555555556
0.1875;0.0625;0.888888888888889
0.2125;0.5625;0.03703703703703702
0.2375;0.3125;0.37037037037037035
0.2625;0.8125;0.7037037037037037
0.2875;0.1875;0.14814814814814814
0.3125;0.6875;0.4814814814814815
0.3375;0.4375;0.8148148148148147
0.3625;0.9375;0.25925925925925924
0.3875;0.03125;0.5925925925925926
0.4125;0.53125;0.9259259259259258
0.4375;0.28125;0.07407407407407404
0.4625;0.78125;0.40740740740740733
0.4875;0.15625;0.7407407407407407
0.5125;0.65625;0.18518518518518517
0.5375;0.40625;0.5185185185185185
0.5625;0.90625;0.8518518518518517
0.5875;0.09375;0.2962962962962963
0.6125;0.59375;0.6296296296296297
0.6375;0.34375;0.962962962962963
0.6625;0.84375;0.012345679012345645
0.6875;0.21875;0.345679012345679
0.7125;0.71875;0.6790123456790123
0.7375;0.46875;0.12345679012345681
0.7625;0.96875;0.4567901234567901
0.7875;0.015625;0.7901234567901234
0.8125;0.515625;0.2345679012345679
0.8375;0.265625;0.5679012345679013
0.8625;0.765625;0.9012345679012345
0.8875;0.140625;0.049382716049382755
0.9125;0.640625;0.38271604938271603
0.9375;0.390625;0.7160493827160495
0.9625;0.890625;0.16049382716049382
0.9875;0.078125;0.49382716049382713
