0.025;0.5;0.6666666666666666;0.2
0.975;0.5;0.33333333333333337;0.8
0.075;0.25;0.3333333333333333;0.6
0.925;0.75;0.6666666666666667;0.4
0.125;0.75;0.22222222222222224;0.8
0.875;0.25;0.7777777777777778;0.2
0.175;0.125;0.888888888888889;0.4
0.825;0.875;0.11111111111111108;0.6
0.225;0.625;0.5555555555555556;0.040000000000000036
0.775;0.375;0.4444444444444445;0.96
0.275;0.375;0.11111111111111112;0.24000000000000005
0.725;0.625;0.888888888888889;0.76
0.325;0.875;0.7777777777777777;0.64
0.675;0.125;0.22222222222222232;0.36
0.375;0.0625;0.4444444444444445;0.8400000000000001
0.625;0.9375;0.5555555555555556;0.15999999999999998
0.425;0.5625;0.07407407407407404;0.44000000000000006
0.575;0.4375;0.9259259259259259;0.5599999999999999
0.475;0.3125;0.7407407407407407;0.12000000000000002
0.525;0.6875;0.25925925925925936;0.8800000000000001
0.525;0.8125;0.40740740740740733;0.32
0.475;0.1875;0.5925925925925927;0.6799999999999999
0.575;0.1875;0.2962962962962963;0.72
0.425;0.8125;0.7037037037037037;0.2800000000000001
0.625;0.6875;0.962962962962963;0.9200000000000002
0.375;0.3125;0.03703703703703702;0.07999999999999989
0.675;0.4375;0.6296296296296297;0.52
0.325;0.5625;0.37037037037037035;0.48
0.725;0.9375;0.18518518518518517;0.16
0.275;0.0625;0.8148148148148149;0.8400000000000001
0.775;0.03125;0.8518518518518517;0.36
0.225;0.96875;0.14814814814814828;0.64
0.825;0.53125;0.5185185185185185;0.76
0.175;0.46875;0.4814814814814815;0.24000000000000005
0.875;0.28125;0.03703703703703702;0.9600000000000002
0.125;0.71875;0.962962962962963;0.039999999999999855
0.925;0.78125;0.7037037037037037;0.56
0.075;0.21875;0.2962962962962963;0.43999999999999995
0.975;0.15625;0.37037037037037035;0.07999999999999999
0.025;0.84375;0.6296296296296297;0.9199999999999999
