0.0125;0.5;0.6666666666666666;0.8;0.5714285714285714
0.0375;0.25;0.3333333333333333;0.4;0.7142857142857143
0.0625;0.75;0.22222222222222224;0.2;0.14285714285714285
0.0875;0.125;0.888888888888889;0.6;0.8571428571428571
0.1125;0.625;0.5555555555555556;0.16;0.2857142857142857
0.1375;0.375;0.11111111111111112;0.9600000000000002;0.42857142857142855
0.1625;0.875;0.7777777777777777;0.56;0.0816326530612245
0.1875;0.0625;0.4444444444444445;0.36;0.6530612244897959
0.2125;0.5625;0.07407407407407404;0.76;0.7959183673469388
0.2375;0.3125;0.7407407407407407;0.07999999999999999;0.22448979591836732
0.2625;0.8125;0.40740740740740733;0.8800000000000001;0.9387755102040816
0.2875;0.1875;0.2962962962962963;0.4800000000000001;0.36734693877551017
0.3125;0.6875;0.962962962962963;0.28;0.5102040816326531
0.3375;0.4375;0.6296296296296297;0.6799999999999999;0.10204081632653059
0.3625;0.9375;0.18518518518518517;0.040000000000000036;0.673469387755102
0.3875;0.03125;0.8518518518518517;0.8400000000000001;0.8163265306122449
0.4125;0.53125;0.5185185185185185;0.44000000000000006;0.24489795918367346
0.4375;0.28125;0.03703703703703702;0.24000000000000005;0.9591836734693878
0.4625;0.78125;0.7037037037037037;0.64;0.3877551020408163
0.4875;0.15625;0.37037037037037035;0.12000000000000002;0.5306122448979591
0.5125;0.65625;0.25925925925925924;0.9200000000000002;0.0204081632653061
0.5375;0.40625;0.9259259259259258;0.52;0.5918367346938775
0.5625;0.90625;0.5925925925925926;0.32;0.7346938775510204
0.5875;0.09375;0.14814814814814814;0.72;0.163265306122449
0.6125;0.59375;0.8148148148148147;0.03200000000000003;0.8775510204081632
0.6375;0.34375;0.4814814814814815;0.8320000000000001;0.30612244897959184
0.6625;0.84375;0.024691358024691377;0.43200000000000005;0.44897959183673464
0.6875;0.21875;0.691358024691358;0.23200000000000004;0.12244897959183673
0.7125;0.71875;0.35802469135802467;0.632;0.6938775510204082
0.7375;0.46875;0.24691358024691357;0.192;0.8367346938775511
0.7625;0.96875;0.9135802469135802;0.9920000000000002;0.26530612244897955
0.7875;0.015625;0.5802469135802469;0.5920000000000001;0.9795918367346939
0.8125;0.515625;0.13580246913580246;0.392;0.40816326530612246
0.8375;0.265625;0.8024691358024689;0.792;0.5510204081632653
0.8625;0.765625;0.4691358024691358;0.11200000000000002;0.0408163265306122
0.8875;0.140625;0.09876543209876543;0.9120000000000001;0.6122448979591837
0.9125;0.640625;0.7654320987654321;0.512;0.7551020408163266
0.9375;0.390625;0.43209876543209874;0.31200000000000006;0.18367346938775508
0.9625;0.890625;0.32098765432098764;0.712;0.8979591836734693
0.9875;0.078125;0.9876543209876543;0.07199999999999998;0.32653061224489793
