0.0125;0.5;0.3333333333333333;0.2;0.5714285714285714;0.7272727272727273
0.0375;0.25;0.6666666666666666;0.6;0.7142857142857143;0.5454545454545454
0.0625;0.75;0.11111111111111112;0.4;0.2857142857142857;0.909090909090909
0.0875;0.125;0.4444444444444445;0.8;0.8571428571428571;0.18181818181818182
0.1125;0.625;0.7777777777777777;0.040000000000000036;0.42857142857142855;0.6363636363636364
0.1375;0.375;0.22222222222222224;0.24000000000000005;0.14285714285714285;0.36363636363636365
0.1625;0.875;0.5555555555555556;0.64;0.0816326530612245;0.8181818181818181
0.1875;0.0625;0.888888888888889;0.44000000000000006;0.6530612244897959;0.2727272727272727
0.2125;0.5625;0.03703703703703702;0.8400000000000001;0.7959183673469388;0.09090909090909091
0.2375;0.3125;0.37037037037037035;0.12000000000000002;0.36734693877551017;0.4545454545454545
0.2625;0.8125;0.7037037037037037;0.32;0.9387755102040816;0.0661157024793388
0.2875;0.1875;0.14814814814814814;0.72;0.5102040816326531;0.7933884297520661
0.3125;0.6875;0.4814814814814815;0.52;0.22448979591836732;0.6115702479338843
0.3375;0.4375;0.8148148148148147;0.9200000000000002;0.10204081632653059;0.975206611570248
0.3625;0.9375;0.25925925925925924;0.07999999999999999;0.673469387755102;0.24793388429752067
0.3875;0.03125;0.5925925925925926;0.28;0.8163265306122449;0.7024793388429752
0.4125;0.53125;0.9259259259259258;0.6799999999999999;0.3877551020408163;0.4297520661157025
0.4375;0.28125;0.07407407407407404;0.4800000000000001;0.9591836734693878;0.8842975206611572
0.4625;0.78125;0.40740740740740733;0.8800000000000001;0.5306122448979591;0.33884297520661155
0.4875;0.15625;0.7407407407407407;0.16;0.24489795918367346;0.15702479338842976
0.5125;0.65625;0.18518518518518517;0.36;0.0408163265306122;0.5206611570247934
0.5375;0.40625;0.5185185185185185;0.76;0.6122448979591837;0.04958677685950415
0.5625;0.90625;0.8518518518518517;0.56;0.7551020408163266;0.7768595041322315
0.5875;0.09375;0.2962962962962963;0.9600000000000002;0.32653061224489793;0.5950413223140496
0.6125;0.59375;0.6296296296296297;0.008000000000000007;0.8979591836734693;0.958677685950413
0.6375;0.34375;0.962962962962963;0.20800000000000002;0.4693877551020408;0.23140495867768598
0.6625;0.84375;0.012345679012345645;0.608;0.18367346938775508;0.6859504132231404
0.6875;0.21875;0.345679012345679;0.40800000000000003;0.12244897959183673;0.41322314049586784
0.7125;0.71875;0.6790123456790123;0.808;0.6938775510204082;0.8677685950413224
0.7375;0.46875;0.12345679012345681;0.04800000000000004;0.8367346938775511;0.32231404958677684
0.7625;0.96875;0.4567901234567901;0.24800000000000005;0.40816326530612246;0.14049586776859507
0.7875;0.015625;0.7901234567901234;0.648;0.9795918367346939;0.5041322314049587
0.8125;0.515625;0.2345679012345679;0.44800000000000006;0.5510204081632653;0.08264462809917354
0.8375;0.265625;0.5679012345679013;0.8480000000000001;0.26530612244897955;0.8099173553719009
0.8625;0.765625;0.9012345679012345;0.12800000000000003;0.061224489795918394;0.6280991735537189
0.8875;0.140625;0.049382716049382755;0.328;0.6326530612244897;0.9917355371900827
0.9125;0.640625;0.38271604938271603;0.728;0.7755102040816326;0.2644628099173554
0.9375;0.390625;0.7160493827160495;0.528;0.3469387755102041;0.71900826446281
0.9625;0.890625;0.16049382716049382;0.9280000000000002;0.9183673469387754;0.4462809917355372
0.9875;0.078125;0.49382716049382713;0.088;0.4897959183673469;0.9008264462809918
