0.0125;0.5;0.6666666666666666;0.6;0.8571428571428571;0.6363636363636364;0.23076923076923078;0.7647058823529411
0.0375;0.25;0.3333333333333333;0.8;0.7142857142857143;0.2727272727272727;0.6153846153846154;0.9411764705882353
0.0625;0.75;0.22222222222222224;0.4;0.14285714285714285;0.7272727272727273;0.5384615384615384;0.8235294117647058
0.0875;0.125;0.888888888888889;0.2;0.5714285714285714;0.8181818181818181;0.3076923076923077;0.11764705882352944
0.1125;0.625;0.5555555555555556;0.12000000000000002;0.42857142857142855;0.909090909090909;0.8461538461538461;0.4117647058823529
0.1375;0.375;0.11111111111111112;0.72;0.2857142857142857;0.5454545454545454;0.07692307692307691;0.05882352941176468
0.1625;0.875;0.7777777777777777;0.9200000000000002;0.12244897959183673;0.18181818181818182;0.6923076923076923;0.23529411764705882
0.1875;0.0625;0.4444444444444445;0.52;0.9795918367346939;0.09090909090909091;0.9230769230769231;0.35294117647058826
0.2125;0.5625;0.07407407407407404;0.32;0.8367346938775511;0.4545454545454545;0.15384615384615383;0.5294117647058824
0.2375;0.3125;0.7407407407407407;0.16;0.26530612244897955;0.36363636363636365;0.7692307692307693;0.8823529411764707
0.2625;0.8125;0.40740740740740733;0.76;0.6938775510204082;0.05785123966942152;0.46153846153846156;0.5882352941176471
0.2875;0.1875;0.2962962962962963;0.9600000000000002;0.5510204081632653;0.6942148760330579;0.38461538461538464;0.7058823529411765
0.3125;0.6875;0.962962962962963;0.56;0.40816326530612246;0.3305785123966942;0.017751479289940874;0.6470588235294118
0.3375;0.4375;0.6296296296296297;0.36;0.10204081632653059;0.7851239669421488;0.24852071005917162;0.29411764705882354
0.3625;0.9375;0.18518518518518517;0.07999999999999999;0.9591836734693878;0.8760330578512396;0.6331360946745562;0.1764705882352941
0.3875;0.03125;0.8518518518518517;0.6799999999999999;0.8163265306122449;0.9669421487603305;0.5562130177514792;0.47058823529411764
0.4125;0.53125;0.5185185185185185;0.8800000000000001;0.24489795918367346;0.6033057851239669;0.3254437869822485;0.04498269896193774
0.4375;0.28125;0.03703703703703702;0.4800000000000001;0.673469387755102;0.2396694214876033;0.8639053254437868;0.8096885813148788
0.4625;0.78125;0.7037037037037037;0.28;0.5306122448979591;0.1487603305785124;0.09467455621301779;0.986159169550173
0.4875;0.15625;0.37037037037037035;0.040000000000000036;0.3877551020408163;0.512396694214876;0.7100591715976331;0.8685121107266436
0.5125;0.65625;0.25925925925925924;0.64;0.0204081632653061;0.42148760330578516;0.9408284023668638;0.16262975778546712
0.5375;0.40625;0.9259259259259258;0.8400000000000001;0.8775510204081632;0.02479338842975203;0.17159763313609472;0.45674740484429066
0.5625;0.90625;0.5925925925925926;0.44000000000000006;0.7346938775510204;0.6611570247933884;0.7869822485207101;0.10380622837370242
0.5875;0.09375;0.14814814814814814;0.24000000000000005;0.163265306122449;0.2975206611570248;0.47928994082840237;0.28027681660899656
0.6125;0.59375;0.8148148148148147;0.02400000000000002;0.5918367346938775;0.7520661157024794;0.40236686390532544;0.397923875432526
0.6375;0.34375;0.4814814814814815;0.624;0.44897959183673464;0.8429752066115703;0.047337278106508854;0.5743944636678201
0.6625;0.84375;0.024691358024691377;0.8240000000000001;0.30612244897959184;0.9338842975206612;0.2781065088757397;0.9273356401384083
0.6875;0.21875;0.691358024691358;0.42400000000000004;0.0816326530612245;0.5702479338842975;0.6627218934911243;0.6332179930795848
0.7125;0.71875;0.35802469135802467;0.22400000000000003;0.9387755102040816;0.20661157024793392;0.5857988165680473;0.7508650519031143
0.7375;0.46875;0.24691358024691357;0.144;0.7959183673469388;0.11570247933884299;0.3550295857988166;0.6920415224913495
0.7625;0.96875;0.9135802469135802;0.744;0.22448979591836732;0.4793388429752065;0.8934911242603552;0.3391003460207613
0.7875;0.015625;0.5802469135802469;0.9440000000000002;0.6530612244897959;0.38842975206611574;0.12426035502958577;0.22145328719723184
0.8125;0.515625;0.13580246913580246;0.544;0.5102040816326531;0.0661157024793388;0.7396449704142012;0.5155709342560554
0.8375;0.265625;0.8024691358024689;0.34400000000000003;0.36734693877551017;0.7024793388429752;0.9704142011834321;0.05536332179930792
0.8625;0.765625;0.4691358024691358;0.184;0.061224489795918394;0.33884297520661155;0.20118343195266272;0.820069204152249
0.8875;0.140625;0.09876543209876543;0.784;0.9183673469387754;0.7933884297520661;0.8165680473372781;0.9965397923875432
0.9125;0.640625;0.7654320987654321;0.9840000000000002;0.7755102040816326;0.8842975206611572;0.5088757396449705;0.8788927335640138
0.9375;0.390625;0.43209876543209874;0.5840000000000001;0.20408163265306123;0.975206611570248;0.43195266272189353;0.17301038062283736
0.9625;0.890625;0.32098765432098764;0.384;0.6326530612244897;0.6115702479338843;0.041420118343195256;0.4671280276816609
0.9875;0.078125;0.9876543209876543;0.10400000000000001;0.4897959183673469;0.24793388429752067;0.27218934911242604;0.11418685121107268
