0.0125;0.5;0.6666666666666666;0.6;0.8571428571428571;0.7272727272727273;0.6153846153846154;0.8235294117647058;0.8421052631578947
0.0375;0.25;0.3333333333333333;0.8;0.2857142857142857;0.36363636363636365;0.07692307692307691;0.7647058823529411;0.9473684210526315
0.0625;0.75;0.22222222222222224;0.2;0.14285714285714285;0.5454545454545454;0.5384615384615384;0.23529411764705882;0.10526315789473681
0.0875;0.125;0.888888888888889;0.4;0.5714285714285714;0.909090909090909;0.15384615384615383;0.1764705882352941;0.2631578947368421
0.1125;0.625;0.5555555555555556;0.12000000000000002;0.42857142857142855;0.2727272727272727;0.6923076923076923;0.5294117647058824;0.21052631578947367
0.1375;0.375;0.11111111111111112;0.72;0.7142857142857143;0.8181818181818181;0.8461538461538461;0.05882352941176468;0.42105263157894735
0.1625;0.875;0.7777777777777777;0.9200000000000002;0.12244897959183673;0.18181818181818182;0.23076923076923078;0.47058823529411764;0.8947368421052632
0.1875;0.0625;0.4444444444444445;0.32;0.9795918367346939;0.6363636363636364;0.38461538461538464;0.35294117647058826;0.15789473684210525
0.2125;0.5625;0.07407407407407404;0.52;0.40816326530612246;0.09090909090909091;0.46153846153846156;0.7058823529411765;0.7894736842105263
0.2375;0.3125;0.7407407407407407;0.16;0.26530612244897955;0.4545454545454545;0.7692307692307693;0.11764705882352944;0.5789473684210527
0.2625;0.8125;0.40740740740740733;0.76;0.6938775510204082;0.0661157024793388;0.9230769230769231;0.9411764705882353;0.5263157894736842
0.2875;0.1875;0.2962962962962963;0.9600000000000002;0.5510204081632653;0.7933884297520661;0.3076923076923077;0.8823529411764707;0.3684210526315789
0.3125;0.6875;0.962962962962963;0.36;0.8367346938775511;0.4297520661157025;0.047337278106508854;0.4117647058823529;0.631578947368421
0.3375;0.4375;0.6296296296296297;0.56;0.0408163265306122;0.6115702479338843;0.6627218934911243;0.5882352941176471;0.47368421052631576
0.3625;0.9375;0.18518518518518517;0.040000000000000036;0.8979591836734693;0.975206611570248;0.12426035502958577;0.29411764705882354;0.052631578947368404
0.3875;0.03125;0.8518518518518517;0.64;0.32653061224489793;0.33884297520661155;0.5857988165680473;0.6470588235294118;0.3157894736842105
0.4125;0.53125;0.5185185185185185;0.8400000000000001;0.18367346938775508;0.8842975206611572;0.20118343195266272;0.0484429065743945;0.6842105263157895
0.4375;0.28125;0.03703703703703702;0.24000000000000005;0.6122448979591837;0.24793388429752067;0.7396449704142012;0.8719723183391002;0.7368421052631579
0.4625;0.78125;0.7037037037037037;0.44000000000000006;0.4693877551020408;0.7024793388429752;0.8934911242603552;0.8131487889273356;0.04432132963988922
0.4875;0.15625;0.37037037037037035;0.07999999999999999;0.7551020408163266;0.15702479338842976;0.2781065088757397;0.2837370242214533;0.886426592797784
0.5125;0.65625;0.25925925925925924;0.6799999999999999;0.0204081632653061;0.5206611570247934;0.43195266272189353;0.2249134948096886;0.9916897506925209
0.5375;0.40625;0.9259259259259258;0.8800000000000001;0.8775510204081632;0.0330578512396694;0.5088757396449705;0.5778546712802768;0.14958448753462603
0.5625;0.90625;0.5925925925925926;0.28;0.30612244897959184;0.7603305785123967;0.8165680473372781;0.10726643598615918;0.3074792243767313
0.5875;0.09375;0.14814814814814814;0.4800000000000001;0.163265306122449;0.39669421487603307;0.9704142011834321;0.5190311418685121;0.2548476454293629
0.6125;0.59375;0.8148148148148147;0.02400000000000002;0.5918367346938775;0.5785123966942148;0.3550295857988166;0.40138408304498274;0.46537396121883656
0.6375;0.34375;0.4814814814814815;0.624;0.44897959183673464;0.9421487603305785;0.0059171597633135955;0.754325259515571;0.9390581717451523
0.6625;0.84375;0.024691358024691377;0.8240000000000001;0.7346938775510204;0.30578512396694213;0.6213017751479291;0.16608996539792384;0.20221606648199444
0.6875;0.21875;0.691358024691358;0.22400000000000003;0.0816326530612245;0.8512396694214877;0.08284023668639051;0.9896193771626297;0.8337950138504155
0.7125;0.71875;0.35802469135802467;0.42400000000000004;0.9387755102040816;0.21487603305785125;0.5443786982248521;0.9307958477508651;0.6232686980609419
0.7375;0.46875;0.24691358024691357;0.144;0.36734693877551017;0.6694214876033058;0.15976331360946747;0.4602076124567474;0.5706371191135734
0.7625;0.96875;0.9135802469135802;0.744;0.22448979591836732;0.12396694214876032;0.6982248520710059;0.6366782006920415;0.41274238227146814
0.7875;0.015625;0.5802469135802469;0.9440000000000002;0.6530612244897959;0.487603305785124;0.8520710059171599;0.342560553633218;0.6759002770083102
0.8125;0.515625;0.13580246913580246;0.34400000000000003;0.5102040816326531;0.04958677685950415;0.2366863905325444;0.6955017301038062;0.5180055401662049
0.8375;0.265625;0.8024691358024689;0.544;0.7959183673469388;0.7768595041322315;0.3905325443786982;0.04498269896193774;0.09695290858725762
0.8625;0.765625;0.4691358024691358;0.184;0.061224489795918394;0.41322314049586784;0.4674556213017752;0.8685121107266436;0.3601108033240997
0.8875;0.140625;0.09876543209876543;0.784;0.9183673469387754;0.5950413223140496;0.7751479289940829;0.8096885813148788;0.7285318559556787
0.9125;0.640625;0.7654320987654321;0.9840000000000002;0.3469387755102041;0.958677685950413;0.9289940828402369;0.28027681660899656;0.7811634349030471
0.9375;0.390625;0.43209876543209874;0.384;0.20408163265306123;0.32231404958677684;0.3136094674556213;0.22145328719723184;0.049861495844875314
0.9625;0.890625;0.32098765432098764;0.5840000000000001;0.6326530612244897;0.8677685950413224;0.041420118343195256;0.5743944636678201;0.89196675900277
0.9875;0.078125;0.9876543209876543;0.06399999999999997;0.4897959183673469;0.23140495867768598;0.6568047337278107;0.10380622837370242;0.9972299168975068
